0.0 0.5 0.0 2.25 0.0
0.04008016032064128 0.52354040795556 1.1535096452736815 2.234148753454297 -0.7821938765491496
0.08016032064128256 0.589672589431724 2.0990821789969414 2.1885312786488917 -1.4726225160976987
0.12024048096192384 0.6871713059639724 2.69966186644341 2.1182426537304107 -2.0036367775107187
0.16032064128256512 0.8002910860563734 2.869154897160612 2.0306697488964924 -2.329697766113184
0.20040080160320642 0.9110447399867917 2.582807331273213 1.934487622092001 -2.4326220480321408
0.24048096192384769 1.0017272648503346 1.8790389711176252 1.8385212010491003 -2.323032064905837
0.280561122244489 1.0573403054623132 0.8526972371805672 1.7506269843486706 -2.0379145692936365
0.32064128256513025 1.067591478207613 -0.3591160799306493 1.6767441647341932 -1.6347298529781067
0.36072144288577157 1.0282108168882627 -1.5965442433197623 1.6202366864529092 -1.1829574673390912
0.40080160320641284 0.9414241772507084 -2.699020381773814 1.581605850206178 -0.7542931884145203
0.4408817635270541 0.8155431383699395 -3.526847390700366 1.5586000035908745 -0.41284341694778565
0.48096192384769537 0.6637480053348557 -3.9793804190085083 1.54669518173506 -0.2066555573882815
0.5210420841683366 0.5022505440444407 -4.007497373161719 1.53986948743631 -0.16167047039986515
0.561122244488978 0.3480988259802966 -3.6188086006584315 1.531557980432761 -0.27885596390686646
0.6012024048096193 0.21692864845345278 -2.8751196668947325 1.515653052715085 -0.5348115963707781
0.6412825651302605 0.12096474263082188 -1.882682493720785 1.4874130483922805 -0.8856748376498584
0.6813627254509018 0.06753292528839222 -0.7767621865342029 1.4441580348255385 -1.2737021004170803
0.7214428857715431 0.058268785615014244 0.29726663896169986 1.3856636424651931 -1.6355713593069678
0.7615230460921844 0.08910963134259507 1.20364632583084 1.3142070323082211 -1.911234629642463
0.8016032064128257 0.15104858044273012 1.8341130612602152 1.2342673286686545 -2.0521122975005412
0.8416833667334669 0.2315278764467973 2.121570222301922 1.1519293598391407 -2.027540947362321
0.8817635270541082 0.31626607200321477 2.0478351395586554 1.074078213407512 -1.8286512391241807
0.9218436873747495 0.39126049072460156 1.6445793001720754 1.0074982581417318 -1.4692196549354855
0.9619238476953907 0.44469050985122727 0.987526079751014 0.95799994457606 -0.9834594156397334
1.002004008016032 0.4684679802704317 0.18487296799456446 0.929690811564466 -0.4211273512665678
1.0420841683366733 0.45923552792223765 -0.6383436871404837 0.9244847351067245 0.15932552220619534
1.0821643286573146 0.41869338745272466 -1.3577202694268544 0.941908963871298 0.6985867150378382
1.122244488977956 0.35322943988258293 -1.8663946041184807 0.9792267806558888 1.1442231126574627
1.1623246492985972 0.27292119942877335 -2.089125990541258 1.0318510544080148 1.457292935840147
1.2024048096192386 0.19006147245189942 -1.9917276718854848 1.0939854978760895 1.616973702431498
1.2424849699398797 0.11741946496058343 -1.5847010331686378 1.1594016783005656 1.6226380066117
1.282565130260521 0.06647954321252071 -0.9207465947776751 1.2222439171479391 1.4931737724631635
1.3226452905811623 0.045895320814807586 -0.08664969497129754 1.2777539972795275 1.263717316130251
1.3627254509018036 0.06036210971214063 0.8092173704752459 1.3228210939046217 0.9803107134790652
1.402805611222445 0.11004891053780541 1.651972330576329 1.3562885487062746 0.6932628853555196
1.4428857715430863 0.19065096063912332 2.3357808214806113 1.378984248950843 0.45014492665434086
1.4829659318637274 0.29404048556435924 2.7777917137937322 1.3934787466552665 0.2893720964391087
1.5230460921843687 0.4094118728746152 2.928618775470549 1.4036125075232135 0.23522133334558157
1.56312625250501 0.5247549931465884 2.778046911633746 1.4138630926418199 0.2949184200995557
1.6032064128256514 0.6284494727999582 2.3553326044123453 1.4286433094279039 0.45812718379964534
1.6432865731462927 0.7107631952568932 1.724200114958037 1.4516276365881522 0.6988457497258056
1.6833667334669338 0.7650565673656661 0.9733553520688667 1.485198003495593 0.9793862457173769
1.723446893787575 0.7885391795904556 0.20391355517651444 1.5300813514164515 1.2558452435998158
1.7635270541082164 0.7824912531719262 -0.48448349369829347 1.5852229544676468 1.484285970517237
1.8036072144288577 0.7519311207593853 -1.00695738413224 1.6479089496254733 1.6267797612213024
1.843687374749499 0.7047956069565438 -1.3043145464333252 1.7141128074791263 1.6564918609930308
1.8837675350701404 0.650752427636948 -1.3502046261747074 1.7790160047184993 1.561155994136383
1.9238476953907815 0.5998168276368175 -1.153650491931686 1.837627930535947 1.3445081883376089
1.9639278557114228 0.5609643217810208 -0.7567360713407204 1.8854194907043358 1.0255391584837676
2.004008016032064 0.540926644500485 -0.2279032825323008 1.9188852197113366 0.6357252102698904
2.0440881763527052 0.5433282383853931 0.34812236960312765 1.9359605350593097 0.21466053086918244
2.0841683366733466 0.5682701533358168 0.8823253309557295 1.9362422424404857 -0.19527962741530588
2.124248496993988 0.6124055708908884 1.2936441754162513 1.9209879293463372 -0.5545033158131116
2.164328657314629 0.6694833567550631 1.5198072465047476 1.8929003411063272 -0.8312406177048135
2.2044088176352705 0.7312723756627354 1.5253427491441571 1.8557320680275273 -1.0053977348444356
2.244488977955912 0.7887338618514049 1.3057636074809744 1.8137673941545671 -1.0707448120602743
2.284569138276553 0.8332754099124868 0.8874464992483402 1.7712547188790817 -1.0351817518488842
2.3246492985971945 0.8579155575999275 0.32336317895510525 1.7318667742104499 -0.9191129490912324
2.364729458917836 0.8582041689294165 -0.31466882568362403 1.6982599695352099 -0.7521948736255144
2.404809619238477 0.8327812822557918 -0.9460653398437259 1.6717887294409735 -0.5689471073437514
2.444889779559118 0.7835083968990993 -1.492473530828193 1.652408391193545 -0.40384662359321066
2.4849699398797593 0.7151667664255288 -1.8881827557770263 1.6387733226363328 -0.28658212426027596
2.5250501002004007 0.6347723998193424 -2.0885676441791707 1.6285118539213244 -0.23810168996809863
2.565130260521042 0.5506113709337542 -2.0754702574005757 1.6186346716551867 -0.2679702004925151
2.6052104208416833 0.4711324128540614 -1.8588923832969884 1.6060170912813814 -0.37335176006053716
2.6452905811623246 0.40384851575998054 -1.4748655186984678 1.5878876616172302 -0.5397122415188715
2.685370741482966 0.3543948423684596 -0.9798899545135286 1.5622561050987578 -0.7431001584710787
2.7254509018036073 0.32586471173814396 -0.4427873150951678 1.5282238259318286 -0.95365415981382
2.7655310621242486 0.3185047504758023 0.06487000695370786 1.4861375766135252 -1.1398322731629456
2.80561122244489 0.32980070332043276 0.47842497080394475 1.4375686689805465 -1.272772558417577
2.8456913827655312 0.3549300494452539 0.748589275600151 1.385124979540523 -1.3301906234481962
2.8857715430861726 0.3875100448053487 0.8475911360703342 1.3321248887748267 -1.299305383141546
2.9258517034068134 0.42053296068511214 0.7722448299650708 1.2821796837206239 -1.178420090817284
2.9659318637274548 0.44735622397127334 0.5436184373726585 1.2387429505984586 -0.9769823153409805
3.006012024048096 0.4626126361495704 0.20343792318310616 1.2046878626684525 -0.7141539054452899
3.0460921843687374 0.4629200188580301 -0.19219785088405716 1.1819680854523593 -0.41612186718803784
3.0861723446893787 0.44729979086333554 -0.5808693449142538 1.1714054270434102 -0.11254452892275177
3.12625250501002 0.4172570898874104 -0.9025243413670221 1.1726285790525999 0.16736815225445018
3.1663326653306614 0.37651799513175216 -1.1076113880072374 1.1841681918362745 0.3986047349083881
3.2064128256513027 0.33047239136106754 -1.1635724344729148 1.203689448548414 0.5634319554310772
3.246492985971944 0.28540200885674183 -1.0588801314788605 1.2283286678102698 0.6534182006858354
3.2865731462925853 0.24760632308270486 -0.8041219266803854 1.255084709995727 0.6701498072718709
3.3266533066132267 0.22254426705661018 -0.43007949615629854 1.281212381975114 0.6245892294321339
3.3667334669338675 0.21410934031956272 0.01687025835267969 1.3045641549033449 0.5351941640725049
3.406813627254509 0.2241312618821523 0.4813298119115875 1.3238364369561626 0.42509216847956943
3.44689378757515 0.2521652956011939 0.9064963791467456 1.3386903617499537 0.31871726164354647
3.4869739478957915 0.29558986716588975 1.2417714620980091 1.349734909924117 0.23837483728575057
3.527054108216433 0.34999224153340536 1.4493380693303706 1.3583785501507994 0.20120175305301177
3.567134268537074 0.40978235926041473 1.5088451895679922 1.366573821877367 0.2169229702720557
3.6072144288577155 0.46894604566631537 1.4196257770480702 1.3764930125385364 0.286683800288774
3.647294589178357 0.5218333086787802 1.200218454993967 1.3901809666025216 0.40308556575566934
3.687374749498998 0.5638751533993726 0.8853275439698899 1.4092330794160217 0.5513889432063717
3.7274549098196395 0.5921346753955584 0.5207028091016548 1.4345419404539141 0.7116902318751056
3.7675350701402808 0.6056236096667228 0.1566854496408111 1.4661454160322807 0.8617504861555408
3.8076152304609217 0.6053482707744238 -0.15867995747325786 1.5031946898483708 0.9800808319094133
3.847695390781563 0.5940859367041869 -0.38601980774071554 1.544044267187394 1.0488570108108735
3.8877755511022043 0.5759314347893029 -0.4996554832353105 1.5864482974394798 1.0562772455571483
3.9278557114228456 0.5556799125298774 -0.4906381230141429 1.6278352739861575 0.9980604372191608
3.967935871743487 0.5381343469102476 -0.3674382089276735 1.6656222885678014 0.8779039144412683
4.008016032064128 0.5274334719117596 -0.15426387994461593 1.6975259336741892 0.7068668612497668
4.04809619238477 0.526490221205498 0.11270033922858481 1.7218285957879 0.5017899853415727
4.0881763527054105 0.5366136134166585 0.3905701650486132 1.7375658520702062 0.2829887611579833
4.128256513026052 0.5573602225775791 0.6357994531650136 1.7446121904808511 0.0715493561164233
4.168336673346693 0.5866280990883568 0.8101495977345272 1.7436570072250883 -0.11340178176523782
4.208416833667335 0.620976861151365 0.8857780358354278 1.7360759517643112 -0.25708471186416243
4.248496993987976 0.6561208202387798 0.8487929368267485 1.723719687744073 -0.3508024030062005
4.2885771543086175 0.6875269715053552 0.7008331897213373 1.708649445413723 -0.39281198454607097
4.328657314629258 0.7110334671754365 0.4585116099098762 1.6928567933304919 -0.38823785935962224
4.3687374749499 0.7234046728253111 0.15085587015596208 1.6780056559369232 -0.3480673917619225
4.408817635270541 0.7227497828595595 -0.18485584328832227 1.6652304482830993 -0.28739065985865764
4.448897795591182 0.7087520457686212 -0.5082609058957539 1.6550157669828607 -0.22314349117359392
4.488977955911824 0.6826828511246479 -0.7813570875192953 1.647171210920423 -0.17167316852442646
4.529058116232465 0.6472048686024332 -0.9734881172605622 1.6409015268926797 -0.14645999532022566
4.569138276553106 0.6059951518024195 -1.0652135404284915 1.6349600712808077 -0.15629742724324577
4.609218436873747 0.5632443540680037 -1.0505689456476142 1.6278618298089609 -0.20416622103514703
4.649298597194389 0.5231023302831721 -0.9374604472363974 1.6181252560182113 -0.2869342772247926
4.68937875751503 0.4891457740695302 -0.7461905202465344 1.6045090929246488 -0.3959011005798735
4.729458917835672 0.46393863521409484 -0.506364502522636 1.5862118577806792 -0.5180910965902578
4.7695390781563125 0.44874150437648636 -0.25263961374875427 1.5630076211702815 -0.6381008334027206
4.809619238476954 0.4434045830050059 -0.019919249146328658 1.5353010008308294 -0.7402369256400174
4.849699398797595 0.4464536229217032 0.16134628383327732 1.504095446778467 -0.810649019180832
4.889779559118236 0.4553512353739907 0.26911815315387083 1.4708810664769467 -0.8391681245200509
4.929859719438878 0.4668929833579568 0.2924823508184926 1.4374588959829628 -0.8206138689678812
4.969939879759519 0.47768166750882485 0.23278212690889533 1.405726155017048 -0.7554063022854921
5.01002004008016 0.48461303108774806 0.10306102692596511 1.377452202753899 -0.6494179529674877
5.050100200400801 0.4853069640245103 -0.07405988481420181 1.3540751518726732 -0.513106562184401
5.090180360721443 0.47842739446377025 -0.26974249655053706 1.33654556276911 -0.36006318148530486
5.130260521042084 0.4638505806688903 -0.4530417380027569 1.3252366554011021 -0.20518623690563376
5.170340681362726 0.44266364858819707 -0.5951924427969276 1.3199307701090859 -0.06273552188040618
5.210420841683367 0.4169967932838 -0.6734901427785313 1.319882157977076 0.055470373910965265
5.250501002004008 0.38971722011353827 -0.6742481125359032 1.323944929568405 0.14147326129701984
5.290581162324649 0.36402978931665486 -0.594465785735698 1.3307469936161669 0.19203611343399332
5.330661322645291 0.3430399009269595 -0.442012371097292 1.3388856120020562 0.2088438421365622
5.370741482965932 0.3293388956155398 -0.234341403209215 1.3471174826383885 0.1980368695258519
5.410821643286573 0.32466718923933613 0.004051017333500516 1.354517987219356 0.16916019836261273
5.4509018036072145 0.32969841029446756 0.24504890895486475 1.360589149415879 0.1336867312629013
5.490981963927855 0.34397053206495537 0.46073577692642265 1.3653032945317318 0.10332666459020631
5.531062124248497 0.3659689792711697 0.6270868140165715 1.3690787087442864 0.08835755110845907
5.571142284569138 0.3933469816126735 0.7270428113162719 1.3726925200912823 0.09619950497376673
5.61122244488978 0.4232500959643358 0.7525650734363697 1.3771444929252779 0.13042360885023552
5.651302605210421 0.45269790828279055 0.705428917786696 1.383492089183702 0.19031358008085206
5.6913827655310625 0.4789709076847737 0.59667973636153 1.392679854239193 0.2710269926530062
5.731462925851703 0.4999503284014823 0.4448639767755794 1.405386779287883 0.36431759271583286
5.771543086172345 0.5143667317279652 0.2733052077209002 1.421912143784185 0.45970732676817416
5.811623246492986 0.5219269678726557 0.10682036102814012 1.4421144600224822 0.545937229783623
5.851703406813627 0.5233055788763242 -0.03167049621986992 1.4654109367378927 0.612496255434211
5.891783567134269 0.5200058746822964 -0.12417511698519085 1.490836313847518 0.6510171031723678
5.9318637274549095 0.514113947676929 -0.15990856118449434 1.5171516365641153 0.6563570326539501
5.971943887775551 0.5079810208692382 -0.1365333467327465 1.542987815896932 0.6272258109699539
6.012024048096192 0.5038798381174061 -0.06022188257339317 1.567003789065478 0.5662878927895573
6.052104208416834 0.5036816145423896 0.05543490319697908 1.58803830665684 0.4797388290599234
6.092184368737475 0.5085972726004947 0.1914943019110212 1.6052351949342802 0.37642618516171006
6.132264529058117 0.5190162483053704 0.32639686486226216 1.6181262871828452 0.26664562579805035
6.1723446893787575 0.5344617703467611 0.43898322740174145 1.6266624608057825 0.16078197436245273
6.212424849699399 0.5536658837541496 0.5113795722125218 1.631190157724206 0.06798070859840936
6.25250501002004 0.5747507403159087 0.5313659626535524 1.6323783596478096 -0.004973042073780742
6.292585170340681 0.595489534014007 0.49391838482222195 1.6311070975332718 -0.05442237062067056
6.332665330661323 0.6136089801959717 0.40174467177742607 1.6283340885953248 -0.08016326225823468
6.372745490981964 0.6270922924435154 0.26476526392642585 1.624957770226118 -0.08529420476049165
6.412825651302605 0.6344415817215688 0.09863708518833827 1.621695425182832 -0.07562522486443066
6.452905811623246 0.6348654732374089 -0.07745486256285486 1.618992360514074 -0.05873934023479547
6.492985971943888 0.6283687483536003 -0.24342195060448296 1.6169734198209709 -0.042843266227393255
6.533066132264529 0.6157344393528671 -0.38094845173805286 1.6154421353856905 -0.03556890507316769
6.573146292585171 0.5984037548980145 -0.47585936199716933 1.6139261200099382 -0.04288921788836087
6.613226452905812 0.5782725136700269 -0.5198686081410437 1.611761201976246 -0.06829273569707292
6.653306613226453 0.5574337979639308 -0.511491754143461 1.6082016051969796 -0.11232077117796956
6.693386773547094 0.5379027291870945 -0.45602231715672636 1.6025403927980415 -0.17252105238871215
6.733466933867735 0.5213608158156117 -0.36460417877746043 1.594223339825528 -0.24381182097036952
6.773547094188377 0.5089525573650151 -0.25254381018256244 1.5829412231617594 -0.3191992641799261
6.813627254509018 0.5011617337207791 -0.1371108798613132 1.5686876154325495 -0.3907426644714427
6.8537074148296595 0.49778055508058977 -0.03514947847857465 1.5517754577758403 -0.4506252141934786
6.8937875751503 0.4979730717164357 0.03918902066233562 1.5328109728746395 -0.4921907488617226
6.933867735470942 0.5004217615226957 0.0762804251445639 1.512629108547384 -0.5108037291329971
6.973947895791583 0.5035348958204688 0.07219724551366531 1.4921999758253854 -0.504422665849088
7.014028056112225 0.5056849972302536 0.029073776256246242 1.472519266338067 -0.47381726994853496
7.054108216432866 0.5054451531709965 -0.04536052524874177 1.4544975293876594 -0.42240934635556154
7.094188376753507 0.5017911995507994 -0.13899323923256005 1.4388629330963858 -0.35576882226313244
7.134268537074148 0.4942433329162134 -0.23710271252227283 1.4260899102975146 -0.2808417134789624
7.174348697394789 0.48292949713159294 -0.3244388881130515 1.4163623362706956 -0.205020592924893
7.214428857715431 0.46856420467867776 -0.38732293861600364 1.4095748975618851 -0.13518603614520774
7.254509018036072 0.45234746271125575 -0.41548302037767343 1.405371354788823 -0.07684756785773668
7.294589178356714 0.435799282255242 -0.4033800549603786 1.4032134513952856 -0.03349868946491914
7.3346693386773545 0.42055468454549166 -0.3508659839322315 1.4024697354246736 -0.006262910736672168
7.374749498997996 0.4081467751581126 -0.2630994720536989 1.402512149011427 0.006128850444664411
7.414829659318637 0.3998077578979133 -0.14975046633738032 1.4028069075599026 0.007036519982754285
7.454909819639279 0.39631412605576766 -0.023620026484022196 1.4029875576811222 0.0013354326107693805
7.49498997995992 0.39789562701166925 0.10112384410226698 1.402900874418566 -0.005347104951518661
7.5350701402805615 0.4042185544725682 0.21084688004523028 1.402620180596566 -0.007474392637734235
7.575150300601202 0.4144435755760641 0.2942269321658844 1.402425275408129 -0.00040566991914771865
7.615230460921843 0.42734845441992836 0.3436740242669328 1.4027526330829332 0.018944224588530113
7.655310621242485 0.4414972922117942 0.3562119600583816 1.4041235988555014 0.051676178112329246
7.695390781563126 0.455432471671796 0.3337176071149775 1.4070609507836283 0.09676136007511191
7.735470941883768 0.4678629365168129 0.2825039637793265 1.412005582755224 0.15119134415052016
7.775551102204409 0.47782368867598085 0.21232083046685396 1.4192447386726803 0.2103963451644299
7.81563126252505 0.4847860230981598 0.13492486120569744 1.428861356916696 0.2688679444194971
7.855711422845691 0.48870510634749276 0.06242214684833021 1.4407110447551785 0.3208978938812961
7.895791583166333 0.49000058676895974 0.005612992806279825 1.4544291990918587 0.36133054897950456
7.935871743486974 0.4894741729437669 -0.02743557974644595 1.4694670797754221 0.386226411560937
7.975951903807616 0.4881783620677278 -0.03240720451524006 1.4851509275497528 0.39335133814713835
8.016032064128256 0.48725448186460024 -0.009216143509319744 1.5007562862021289 0.3824298494262434
8.056112224448897 0.4877634224551683 0.0380997797546104 1.5155871354980273 0.3551347562788721
8.09619238476954 0.49053177593204933 0.10204355651659167 1.5290495336386294 0.31482121809520164
8.136272545090181 0.4960343811808057 0.1727747746040174 1.540710017385543 0.26604808249030437
8.176352705410821 0.504327989390042 0.23951389661663017 1.5503316877568682 0.21395649808817438
8.216432865731463 0.5150433811510925 0.29203889355675106 1.5578841292352363 0.16359250292717145
8.256513026052104 0.5274362282166997 0.3220711201949305 1.5635264474347874 0.11926507471826824
8.296593186372746 0.5404884296690916 0.32436049853838417 1.5675665922834958 0.08402720892501235
8.336673346693386 0.5530437811025677 0.29734065409640137 1.5704038398595108 0.0593421680326578
8.376753507014028 0.563960350155918 0.2432680868647009 1.572462079832034 0.044977803141053735
8.41683366733467 0.5722578235827778 0.16784876441986182 1.5741236598929964 0.0391326226948711
8.45691382765531 0.5772405154228355 0.07940949002975883 1.5756725923005546 0.03877239686609685
8.496993987975952 0.5785800490375299 -0.012259456545801146 1.5772546348002103 0.040124176695033924
8.537074148296593 0.5763477988807358 -0.09722689347310852 1.5788591382816288 0.039256514149423334
8.577154308617235 0.5709939518481534 -0.16672645921886484 1.5803245693858612 0.032664727843051286
8.617234468937875 0.5632776343836671 -0.2142704324294675 1.5813662010125369 0.01778144151542204
8.657314629258517 0.5541586596521407 -0.2364278499239711 1.581621641279064 -0.0066547356092188
8.697394789579159 0.5446665269995209 -0.23317102413118207 1.580707468583514 -0.040419137622997654
8.7374749498998 0.5357648603678429 -0.2077572142882735 1.5782789281098346 -0.08182872063780186
8.77755511022044 0.5282295201969663 -0.16617349309562732 1.5740844590935397 -0.1279690484178578
8.817635270541082 0.52255637222094 -0.11623194749803971 1.5680076743613696 -0.17508501107999677
8.857715430861724 0.5189100990092897 -0.0664473561583907 1.5600913558038518 -0.2190783728621573
8.897795591182364 0.5171198655746314 -0.024853543001087535 1.5505404647359315 -0.256043113770851
8.937875751503006 0.5167209033765906 0.0020793748220417287 1.539704178455947 -0.28276525946891373
8.977955911823647 0.5170350248048298 0.010283514332746603 1.5280397301342556 -0.2971209939975956
9.01803607214429 0.5172779538880768 -0.0014173728107932265 1.516063233349086 -0.2983229735427662
9.05811623246493 0.5166782973737962 -0.031225075060593077 1.504294174429106 -0.28698542232717406
9.098196392785571 0.514591574014533 -0.0746904561320264 1.493201043208738 -0.265004248391254
9.138276553106213 0.510593970121443 -0.12538851574419152 1.483155159379796 -0.23527331759168152
9.178356713426854 0.5045435662684585 -0.17584450157121498 1.4743984946766069 -0.20127930725343887
9.218436873747494 0.4966017362448365 -0.21857926032962752 1.4670291510044673 -0.16663284640811202
9.258517034068136 0.4872124340498889 -0.24713036707185362 1.461005936821897 -0.13460006764773944
9.298597194388778 0.47704351171533593 -0.25691057006909696 1.4561705836666905 -0.1076979663446935
9.338677354709418 0.4668987742623735 -0.24579352505745444 1.452284018988116 -0.08740522128853824
9.37875751503006 0.4576132978178934 -0.21435413632984004 1.4490712939291377 -0.07402421361386403
9.418837675350701 0.4499465093133384 -0.16574111824841883 1.4462687393721672 -0.0667077958087139
9.458917835671343 0.4444873750150546 -0.1052080054046273 1.4436668565162576 -0.06364243512096088
9.498997995991983 0.4415841083941063 -0.03937485336310864 1.4411431879963448 -0.0623581831985285
9.539078156312625 0.441307084052556 0.024672859247683063 1.438680988442043 -0.060119621097470606
9.579158316633267 0.44344914567503835 0.0803230495896487 1.4363714783425172 -0.054342515112504555
9.619238476953909 0.4475620720206991 0.1222860232503018 1.4343998854275308 -0.042978538382512144
9.659318637274549 0.4530233845812703 0.14724305516996622 1.433017576328611 -0.02481697835792472
9.69939879759519 0.4591237295747951 0.1542124849524482 1.4325044272062553 0.0003357350919606216
9.739478957915832 0.46516251200305714 0.14459227552708556 1.4331268359474383 0.031619973130557893
9.779559118236472 0.4705387027739605 0.12188240819744117 1.4350972361537127 0.06723179004796
9.819639278557114 0.4748248672562938 0.09113406730307838 1.4385405830244073 0.10465832854306156
9.859719438877756 0.47781487946095075 0.058206633817133556 1.4434722891257776 0.14100543000379046
9.899799599198397 0.47953991550145625 0.028938609958958368 1.4497903004620953 0.1733708751448061
9.939879759519037 0.480251148055139 0.008345985616800767 1.4572823076602444 0.1992124559028231
9.97995991983968 0.48037284019644727 -4.3125240475802416e-05 1.465646703142772 0.21666097618157598
10.02004008016032 0.4804329950455445 0.005366596420303302 1.4745242786234147 0.22473857681973422
10.060120240480963 0.48098150491217195 0.02406808015269829 1.4835363265176693 0.22345533009858456
10.100200400801603 0.4825073577016344 0.05357283955878554 1.492323976493124 0.2137745352578199
10.140280561122244 0.4853661723155808 0.0897982410449923 1.5005836196743536 0.1974550180381004
10.180360721442886 0.48972765073155144 0.1276617118357145 1.5080939333693897 0.17679493992856218
10.220440881763528 0.49554960750360416 0.16179600519980952 1.5147312605170435 0.15431426174643714
10.260521042084168 0.5025814025500405 0.18728609902182958 1.520471782579295 0.13242001022759203
10.30060120240481 0.5103955873887029 0.20032863937471262 1.5253807282517957 0.11309929164294281
10.340681362725451 0.5184432897046649 0.1987237366834607 1.5295903569556792 0.09768175378036811
10.380761523046091 0.5261244033328778 0.18214213453873607 1.533270554106858 0.0866993157849031
10.420841683366733 0.5328637120208105 0.15213387272390994 1.5365959049867537 0.07986053592172926
10.460921843687375 0.5381821243508129 0.11188610045418872 1.5397141100924567 0.07613876944157048
10.501002004008017 0.5417537965346753 0.06576833140295449 1.5427199707388932 0.07395908831377078
10.541082164328657 0.5434418435949456 0.018732279516425775 1.5456383930300681 0.07145549976288168
10.581162324649299 0.5433084951615704 -0.024349431353588292 1.5484184922174251 0.06676153793174006
10.62124248496994 0.5415989522615854 -0.059315319219551944 1.5509393730418777 0.05829377364006441
10.661322645290582 0.5387020610979758 -0.08323342105691288 1.5530264193829026 0.04498956077629408
10.701402805611222 0.5350934997528095 -0.09474103182546197 1.5544757169898717 0.026468486670932802
10.741482965931864 0.5312697530560319 -0.09416332100844674 1.5550830187930456 0.0030965401471201304
10.781563126252506 0.5276819264840066 -0.0834029890181037 1.5546732235017868 -0.024052596603547166
10.821643286573146 0.5246783014667916 -0.06562080856959077 1.5531263299612823 -0.05333221293519521
10.861723446893787 0.5224630205814174 -0.04475687694339552 1.5503964306702396 -0.08273243068619779
10.901803607214429 0.5210761369980869 -0.02496210713819381 1.5465212242439457 -0.11013510771981372
10.94188376753507 0.5203968647695624 -0.01001778248910349 1.5416210245610356 -0.13357913941282737
10.98196392785571 0.5201690168310483 -0.002822797437006189 1.5358875241855434 -0.15150001489354145
11.022044088176353 0.5200445058599978 -0.005015872712384334 1.52956399700979 -0.16291233320345952
11.062124248496994 0.519638422307962 -0.016779532879676994 1.5229197418022324 -0.16751267106867312
11.102204408817636 0.5185879359447185 -0.036847813489586184 1.516222204524582 -0.16569108022158208
11.142284569138276 0.5166068660772516 -0.06271097648935521 1.5097104759776632 -0.15845232870728668
11.182364729458918 0.5135286112550584 -0.09098430653840325 1.5035735532554706 -0.1472600070400085
11.22244488977956 0.509331846918155 -0.11788691332359678 1.4979360405264583 -0.1338265516844834
11.2625250501002 0.504146072578946 -0.13976297456896888 1.4928528016071039 -0.1198789506051682
11.302605210420841 0.49823651103865113 -0.15357496256421532 1.4883129985946875 -0.10693176145787427
11.342685370741483 0.49197075262742745 -0.15730080686461043 1.484252647637755 -0.09609867225640556
11.382765531062125 0.48577265141284914 -0.15018665400736292 1.4805733686611515 -0.08796570765088137
11.422845691382765 0.4800692499357433 -0.13282339206993107 1.4771648423974704 -0.0825417885089609
11.462925851703407 0.47523843279092454 -0.10704184882527056 1.4739275481112106 -0.07929078901530345
11.503006012024048 0.47156407010089957 -0.07564563393098897 1.4707927104295557 -0.07723817066829362
11.54308617234469 0.4692045387770331 -0.04202136893453558 1.4677367170621443 -0.07513571972475018
11.58316633266533 0.46817835936798735 -0.009682422770413552 1.4647881860291423 -0.07166004048105769
11.623246492985972 0.46836843477093815 0.018191309918060516 1.4620268521569248 -0.065617039999319
11.663326653306614 0.4695438064366486 0.03915524710378299 1.4595745936841484 -0.056124129574347925
11.703406813627254 0.4713953519098131 0.051791991665283366 1.4575800627295459 -0.042746131502026594
11.743486973947896 0.4735804200650457 0.05585668412241924 1.4561990653289436 -0.02556731250686154
11.783567134268537 0.4757700423096422 0.052260727120155184 1.4555734994074663 -0.005191306171389692
11.823647294589179 0.4776923282001103 0.04290066790174235 1.4558117310094587 0.01732946230439434
11.863727454909819 0.4791663252434381 0.030359762717101803 1.4569730423242955 0.04062374174701151
11.90380761523046 0.4801220938872643 0.017526071049088918 1.4590581675920395 0.06317201188464017
11.943887775551103 0.48060467037249316 0.007180885533861422 1.4620070969202168 0.08349390144521492
11.983967935871744 0.4807619037334945 0.0016139747389054117 1.4657042956265907 0.10032699928755737
12.024048096192384 0.480818258093724 0.0023170147372072692 1.469990528132176 0.11277339908971083
12.064128256513026 0.48103860666558945 0.009794101235920644 1.4746795716965941 0.12039549586722377
12.104208416833668 0.48168716361903263 0.023512063791271333 1.479577559063874 0.12324957600521216
12.144288577154308 0.48298731268252637 0.041993436371229834 1.4845023589584165 0.12185455452563063
12.18436873747495 0.48508778096723587 0.06303576775800505 1.489300490258627 0.11710192459016008
12.224448897795591 0.4880396074207155 0.08402425942560121 1.4938594680770916 0.11012074302283285
12.264529058116233 0.491786817998334 0.10229312928951492 1.4981141379352125 0.10211705878421586
12.304609218436873 0.496171476388835 0.11548629335897097 1.502046547933401 0.09420989505613085
12.344689378757515 0.5009528939419514 0.12186810039857818 1.5056793053420865 0.08728601407403107
12.384769539078157 0.5058370753812178 0.12054277907808872 1.5090640503431094 0.08189304531008487
12.424849699398798 0.5105128856229852 0.11155799290188573 1.5122665423161221 0.07818288382174873
12.464929859719438 0.5146897914800296 0.0958790820262249 1.5153506164402533 0.0759126380387341
12.50501002004008 0.518132071879118 0.07524243805013645 1.5183633121908744 0.07450054705478563
12.545090180360722 0.5206850929751531 0.05191018244476353 1.5213231983864652 0.07312794682115123
12.585170340681362 0.5222903186645904 0.028361939747557324 1.5242134759706778 0.07087198023707938
12.625250501002004 0.5229874997730347 0.006966832638222916 1.52698066735156 0.0668500336427609
12.665330661322646 0.5229039429510376 -0.010320172477866443 1.529539049279794 0.06035608729326977
12.705410821643287 0.5222328740324658 -0.0221967359535079 1.5317800340656236 0.050970164841025845
12.745490981963927 0.5212040537032169 -0.028157367007042203 1.5335851591871954 0.03862709512783218
12.785571142284569 0.5200507937363985 -0.028526003295345555 1.5348408709780739 0.02363582718712488
12.82565130260521 0.5189779939338857 -0.02437630439651559 1.5354530337936518 0.006647976322317405
12.865731462925853 0.51813531348915 -0.01735297133656856 1.535359285660436 -0.011419339688801221
12.905811623246493 0.5175991310823933 -0.009421348399908387 1.534537531759675 -0.02949489569682053
12.945891783567134 0.5173653975733662 -0.0025818843679119284 1.5330095395711933 -0.04648296896575644
12.985971943887776 0.5173539388025931 0.0014122309171940943 1.5308392874805932 -0.06139401525803324
13.026052104208416 0.5174233888683132 0.0012953950777552829 1.5281263378803003 -0.0734586769282613
13.066132264529058 0.5173943675570273 -0.003543219529084546 1.524995230179409 -0.08221053173997132
13.1062124248497 0.5170775287190261 -0.012986384750192644 1.5215823605575338 -0.08752741795908862
13.146292585170341 0.5163025158698923 -0.02621660668359906 1.518022118368531 -0.08962716339838979
13.186372745490981 0.5149438647298101 -0.04183874820816631 1.5144340843194877 -0.08901958677755664
13.226452905811623 0.5129403842183975 -0.05807844421357798 1.510912910433697 -0.0864225247377749
13.266533066132265 0.5103055559403251 -0.07302747183320775 1.5075220764624182 -0.08265429176976222
13.306613226452907 0.5071276892263654 -0.08490201048971484 1.5042921946949965 -0.07851761611323249
13.346693386773547 0.5035600927247236 -0.09227845856693129 1.501223855278852 -0.0746910305208897
13.386773547094188 0.49980275276527364 -0.09427574805247817 1.4982944407893828 -0.07164205910956424
13.42685370741483 0.49607818329405895 -0.09066106715110958 1.4954677899932844 -0.06957323446231047
13.46693386773547 0.49260480362047254 -0.0818667293438898 1.492705250635622 -0.068407266486087
13.507014028056112 0.48957143576172424 -0.06891837277625192 1.4899765207862645 -0.06781213870897997
13.547094188376754 0.48711627359123233 -0.05328648815759717 1.4872687527503619 -0.06726153437161499
13.587174348697395 0.4853129971756773 -0.0366831127043389 1.4845926703988552 -0.0661214069967045
13.627254509018035 0.48416564571857207 -0.02083269768896611 1.481984905153137 -0.06375003744802002
13.667334669338677 0.48361262606494154 -0.007248110742432704 1.4795063037721845 -0.05959775187115288
13.707414829659319 0.48353925621364396 0.0029575739021324345 1.4772364015616395 -0.05329238363327592
13.74749498997996 0.4837964931171934 0.009199972209482453 1.4752650517585473 -0.04469937477460463
13.7875751503006 0.48422350180039436 0.011477322125236786 1.4736822252424717 -0.033948947809209574
13.827655310621243 0.4846707438724255 0.010344104937323469 1.4725674560295585 -0.021427201320003884
13.867735470941884 0.4850204795997373 0.006810414318330685 1.4719803421718336 -0.007733165335135819
13.907815631262524 0.4852020006361493 0.002182784363318316 1.4719533467657493 0.00639170148357455
13.947895791583166 0.4851996902377004 -0.002130353416488667 1.472487812973619 0.020151550465841148
13.987975951903808 0.48505302237602876 -0.00482132518583285 1.47355366200902 0.03278961778066203
14.02805611222445 0.4848487460849139 -0.004866286819142017 1.4750927337605653 0.04367457639417143
14.06813627254509 0.4847065382816512 -0.001664521876052133 1.4770252542856974 0.05236854402829533
14.108216432865731 0.48476025685810104 0.004883769279521271 1.4792585153096742 0.05866823781412634
14.148296593186373 0.4851374771865206 0.014369987366211869 1.4816965782433165 0.06261466560888379
14.188376753507015 0.48594013846510486 0.02593918522368274 1.4842497244248745 0.06447102404265373
14.228456913827655 0.4872289159577721 0.038411494205096396 1.4868424414107009 0.06467275219517044
14.268537074148297 0.4890133676760117 0.05044496088207943 1.4894189679517624 0.06375734190793211
14.308617234468938 0.49124903544397125 0.06071685170320015 1.4919457959678626 0.06228395504747394
14.348697394789578 0.49384173488259653 0.06809885866683728 1.4944109473629477 0.060753853888761825
14.38877755511022 0.4966585328076047 0.07180192442879244 1.4968201745156051 0.059542688863495175
14.428857715430862 0.4995433313135627 0.07147293585986543 1.4991909583702476 0.05885314449696971
14.468937875751504 0.5023353493735011 0.0672311614974112 1.5015450287944205 0.058693793389040363
14.509018036072144 0.5048876949618066 0.05964109686003851 1.5039006467305618 0.058886336588157374
14.549098196392785 0.5070836926756745 0.049627354226291394 1.5062657021004955 0.05909924706861229
14.589178356713427 0.508848820527467 0.03834421787746009 1.5086326156718906 0.0589026503906876
14.629258517034069 0.5101568065018097 0.02701890680711342 1.510975738976537 0.05783622356067394
14.669338677354709 0.5110293723350846 0.016790042553456817 1.5132515347482773 0.05548057359813113
14.70941883767535 0.5115295820453656 0.008562885098778589 1.5154016073072447 0.0515224102106882
14.749498997995993 0.5117502350476524 0.002901665985664821 1.5173579896364104 0.04580405383763885
14.789579158316633 0.511798828584724 -3.0046634024390027e-05 1.5190500285867814 0.03835201761080562
14.829659318637274 0.511781245888553 -0.00047217193612138756 1.5204119211439953 0.029380233469846355
14.869739478957916 0.5117864479117076 0.000983394612789367 1.5213898723903208 0.01926853285995195
14.909819639278558 0.5118741843721065 0.0034905849432460886 1.5219479483408862 0.00851955762998872
14.949899799599198 0.5120673329353317 0.00607846546718766 1.5220718619461537 -0.0022995839151457665
14.98997995991984 0.5123497275721238 0.007793818800521758 1.521770258352107 -0.012622885074740674
15.030060120240481 0.5126696460963294 0.007837370477843105 1.5210733718402103 -0.02194940529318834
15.070140280561123 0.512948353735585 0.00567501161856538 1.5200292771519799 -0.02989706696567945
15.110220440881763 0.5130922972223596 0.0011101307973726627 1.5186983333681787 -0.03623968184199531
15.150300601202405 0.5130072993433095 -0.005692038294991703 1.517146539356555 -0.04092270416730285
15.190380761523047 0.5126127088209708 -0.014230048920435931 1.5154387190269236 -0.04405631642915079
15.230460921843687 0.5118535925723394 -0.023737018712174898 1.5136324139010064 -0.045887562384170605
15.270541082164328 0.5107093575520643 -0.03328594770750012 1.5117732420850545 -0.04675591314045318
15.31062124248497 0.5091976854408139 -0.041914492110633375 1.5098922728968684 -0.047038787761729164
15.350701402805612 0.5073734515207433 -0.0487519985315398 1.5080056195842328 -0.04709469220260893
15.390781563126252 0.5053226518107817 -0.05313173283996561 1.5061162926408005 -0.04721165466674946
15.430861723446894 0.5031524611081951 -0.054672963398196286 1.5042178613261472 -0.047568133910975
15.470941883767535 0.5009788153541495 -0.05332376449552673 1.502299330841556 -0.04821084042740429
15.511022044088177 0.49891309322755556 -0.04935895063500493 1.5003505518269185 -0.049052354346344
15.551102204408817 0.49704980159871515 -0.043335104164178656 1.4983673107294324 -0.049888111848083
15.591182364729459 0.49545678914797037 -0.03600975485903715 1.4963554054162096 -0.05042994444164765
15.6312625250501 0.49416924565168413 -0.028236477352274282 1.4943331172163534 -0.050351177307926216
15.67134268537074 0.49318814023095064 -0.020850777602512596 1.4923317523803945 -0.04933675519000265
15.711422845691382 0.492483114289612 -0.01456206331434855 1.4903942096766774 -0.047131528051428534
15.751503006012024 0.49199944320325717 -0.009866357429892456 1.4885717139921502 -0.04358001637263395
15.791583166332666 0.4916677791311053 -0.006990707269348454 1.4869192662874822 -0.038652447710169346
15.831663326653306 0.49141543145340616 -0.005875575777606646 1.4854903551130492 -0.03245395650355343
15.871743486973948 0.49117751920541025 -0.006196816370922547 1.4843316758205778 -0.025215862986669006
15.91182364729459 0.490906554924409 -0.007422878431065382 1.483478515802231 -0.01727066774931048
15.951903807615231 0.4905791508983116 -0.008898711456806232 1.4829514185842703 -0.009014325634809793
15.991983967935871 0.4901990143410829 -0.009944034400364244 1.4827545342030792 -0.0008611801672691492
16.03206412825651 0.48979595905310014 -0.009952252414700036 1.482875814360796 0.006802307621630386
16.072144288577153 0.4894211577792336 -0.008476759237012304 1.4832889868673864 0.013658991577325913
16.112224448897795 0.4891393902208363 -0.005293205496328809 1.4839569995109447 0.01949229397583814
16.152304609218437 0.48901940728318816 -0.00042980632591599203 1.4848364497327105 0.02420342997949152
16.19238476953908 0.48912378834553716 0.005837457571922497 1.4858823873123093 0.02781284796688628
16.23246492985972 0.4894996796675646 0.013023333599111314 1.487052859708182 0.030446181382087347
16.272545090180362 0.49017164923438095 0.020499273269483434 1.4883126241036118 0.03230720820554161
16.312625250501004 0.49113759053730727 0.027577512645403174 1.4896355774702978 0.03364181115050554
16.352705410821642 0.4923681623430539 0.03360136552383576 1.4910056480408345 0.0346981710237474
16.392785571142284 0.49380971414568287 0.038029742874147426 1.4924161318772233 0.03568859828909765
16.432865731462925 0.4953904374142631 0.04050409062996182 1.4938675540690733 0.03675836711850097
16.472945891783567 0.4970285263901333 0.04088985971701209 1.4953645699774978 0.03796539877867373
16.51302605210421 0.4986415147844372 0.03928737308771051 1.496912262166536 0.039273288649972975
16.55310621242485 0.5001553698145833 0.03601139776493899 1.4985124597116282 0.04055832795066633
16.593186372745492 0.5015122118028414 0.031543236050283474 1.5001605921346441 0.041629068162343456
16.63326653306613 0.50267567273934 0.0264623263340187 1.5018435331971678 0.04225551681348825
16.673346693386772 0.5036332565043168 0.02136719735327975 1.5035387414261772 0.04220368710336988
16.713426853707414 0.5043955204192113 0.016796586659984653 1.5052148024551455 0.04127068534824695
16.753507014028056 0.5049922448253285 0.013161465521778827 1.5068333221739802 0.03931546811227369
16.793587174348698 0.5054662683821128 0.010696503328759412 1.5083518861519893 0.036281282687323065
16.83366733466934 0.505865876830088 0.009437285596222221 1.5097276998284903 0.03220675190860612
16.87374749498998 0.5062368279923329 0.009225102281642871 1.5109214260634967 0.027224547876125008
16.91382765531062 0.5066151082320682 0.009738300429669344 1.5119007228819799 0.02154786646338634
16.95390781563126 0.5070213975910558 0.010544923833397734 1.512643027077946 0.015446868004934177
16.993987975951903 0.5074579515468071 0.011168986073074101 1.5131372437689927 0.00921838198799494
17.034068136272545 0.5079082369357909 0.011160963693606236 1.5133841646544544 0.0031530532644404806
17.074148296593187 0.508339339777448 0.010163018864592213 1.513395580534498 -0.0024957838162510218
17.11422845691383 0.5087067307908728 0.007959810287471256 1.513192249799417 -0.007537272473819892
17.15430861723447 0.5089606500629158 0.004508873089655967 1.512801039677495 -0.011859343272468447
17.194388777555112 0.5090532418308252 -5.3358528171854004e-05 1.5122516203949723 -0.015434179689681912
17.23446893787575 0.5089454344438397 -0.005429963941889548 1.5115731655665947 -0.01831255555059596
17.274549098196392 0.5086126387251843 -0.011203344219580334 1.5107914856594669 -0.020608183706229032
17.314629258517034 0.508048514071846 -0.016890524977506004 1.5099269507334208 -0.022474546256183874
17.354709418837675 0.5072663310984592 -0.022006127991375014 1.508993438903612 -0.024077610287047448
17.394789579158317 0.5062978441026954 -0.026124409042921612 1.5079983775909174 -0.025568276438194364
17.43486973947896 0.5051897533428209 -0.02893219434413493 1.506943867114239 -0.027058245476278907
17.4749498997996 0.5039984031662498 -0.030265382711002837 1.5058286231761717 -0.028602755511642274
17.51503006012024 0.5027834281515849 -0.030125257204593206 1.5046504333791626 -0.030192043916546736
17.55511022044088 0.5016011569589255 -0.028672454123526737 1.5034087752258762 -0.031752687781842946
17.595190380761522 0.5004987034618135 -0.026200286198525026 1.5021071796116137 -0.03315827843047963
17.635270541082164 0.4995094669529564 -0.023091468438718513 1.500755009840517 -0.03424777567667024
17.675350701402806 0.4986506002039242 -0.01976456434510106 1.4993683933849227 -0.034848831312834984
17.715430861723448 0.49792271183212367 -0.01661761127641311 1.497970171292121 -0.03480278885991172
17.75551102204409 0.4973117316249108 -0.013976474565125541 1.496588880920401 -0.03398795129862615
17.795591182364728 0.49679268109297703 -0.01205500326502102 1.4952568731602045 -0.032337874917163674
17.83567134268537 0.49633467300998396 -0.01093162806701844 1.4940078577034748 -0.029852455759606877
17.87575150300601 0.49590649196347314 -0.010545304368357346 1.4928741631323823 -0.026600355924406568
17.915831663326653 0.49548194008091234 -0.010710704418757959 1.491884080636609 -0.022712635378304636
17.955911823647295 0.49504423007159754 -0.011150028883291176 1.4910596230264275 -0.01836861713571909
17.995991983967937 0.4945888473154961 -0.01153665474152118 1.4904149732585914 -0.013776017774606464
18.03607214428858 0.49412452216711394 -0.01154436003498471 1.489955802068085 -0.009148091139216694
18.07615230460922 0.49367224908491936 -0.0108953195485495 1.4896795020774887 -0.004680849135975096
18.11623246492986 0.4932624965758415 -0.009400381398745055 1.4895762925353508 -0.00053332894845753
18.1563126252505 0.49293104913721936 -0.006986208506357725 1.4896310111297641 0.003186537400059792
18.196392785571142 0.4927141026416303 -0.0037062520101402065 1.4898253210667574 0.006428927465122891
18.236472945891784 0.49264325090742433 0.0002659019119626405 1.4901400513519123 0.009201188392774133
18.276553106212425 0.4927410777691552 0.004659194947021797 1.4905573429652548 0.01155950228015609
18.316633266533067 0.4930179250320436 0.00914052492960092 1.4910623346962053 0.013594473618311394
18.35671342685371 0.49347025468092226 0.013357756254925853 1.491644184197032 0.015412865550871416
18.396793587174347 0.49408078136563527 0.016984425321034495 1.4922963264235254 0.01711808659043584
18.43687374749499 0.49482032985170243 0.019760100128616592 1.493015970255647 0.018792150933106842
18.47695390781563 0.4956511543965159 0.021521114386964368 1.4938029337210295 0.02048154442035551
18.517034068136272 0.4965311972626614 0.022217790472169655 1.494658037316729 0.022188865119395357
18.557114228456914 0.49741875239066813 0.021916273845313784 1.4955812867445557 0.02387120288509156
18.597194388777556 0.49827688621182536 0.02078516898531855 1.4965701317927744 0.025445322757950212
18.637274549098198 0.4990770541879933 0.019069177346638266 1.4976180553512466 0.02679879063771584
18.677354709418836 0.499801462872389 0.01705365886428959 1.4987137010558829 0.027805381031181096
18.717434869739478 0.5004439111431626 0.015025136763467263 1.499840668763479 0.028342569977163303
18.75751503006012 0.5010090608738258 0.013233151657610843 1.5009780110667887 0.028308693398524612
18.79759519038076 0.5015102939027284 0.011858504324408223 1.5021013705916613 0.02763746902693882
18.837675350701403 0.5019664776204406 0.010992212411355432 1.503184621524992 0.026307862290976265
18.877755511022045 0.5023981704604839 0.010627230208585267 1.504201780303513 0.024348259425427777
18.917835671342687 0.5028237542752648 0.01066414970817581 1.5051289662520577 0.021834289364850497
18.95791583166333 0.5032560737196047 0.010929311708477355 1.5059461456143652 0.0188808786619669
18.997995991983966 0.5036999682476824 0.011202866125714151 1.5066384792277783 0.015629558253820106
19.03807615230461 0.5041510980165875 0.011252406322720787 1.5071970761356053 0.012232920253790582
19.07815631262525 0.5045961427030252 0.010867690031887634 1.5076191073914698 0.008838226780820236
19.118236472945892 0.5050143217548184 0.009891328323675744 1.5079072863668377 0.005572508130368159
19.158316633266534 0.5053800069403831 0.008241903045811612 1.5080688096446118 0.002530797737508393
19.198396793587175 0.5056660539271373 0.00592610119755141 1.5081139149953755 -0.0002308530605524945
19.238476953907817 0.505847373251449 0.0030387393133511267 1.5080542697987005 -0.0026969555556187277
19.278557114228455 0.5059042609101068 -0.0002491578728363354 1.507901405550018 -0.0048887089359669665
19.318637274549097 0.5058250430783353 -0.0037122520142633857 1.5076654050607625 -0.00685544622376903
19.35871743486974 0.5056076933625261 -0.007099651375960769 1.507354005181847 -0.00866271093661903
19.39879759519038 0.5052602188648587 -0.010166449997625409 1.5069722192751953 -0.01037874892133022
19.438877755511022 0.504799833921215 -0.012703893242729325 1.506522485071095 -0.012061284245981642
19.478957915831664 0.5042509495909885 -0.014564047619977616 1.5060053369857707 -0.013746431049298062
19.519038076152306 0.5036424104974591 -0.015675766600505625 1.5054204232091581 -0.015441286671457895
19.559118236472944 0.5030042590021698 -0.016050342418534546 1.5047677471177285 -0.01712098818208492
19.599198396793586 0.5023645084290851 -0.0157760611031674 1.5040489229934602 -0.018730694546703387
19.639278557114228 0.5017463282026287 -0.015003068412359868 1.503268264457123 -0.020191953292142358
19.67935871743487 0.501166004461631 -0.013920491701054217 1.502433540221695 -0.021412656967338888
19.71943887775551 0.5006319087351211 -0.01272938739408707 1.5015562865121974 -0.022299037632257913
19.759519038076153 0.5001445774349865 -0.011615123842601235 1.500651623261346 -0.022768097017310647
19.799599198396795 0.4996978512958575 -0.010722960282270325 1.4997375897852052 -0.022758768740659786
19.839679358717436 0.49928086463101395 -0.010140083460647296 1.498834088316385 -0.022240298123896055
19.879759519038075 0.4988805941812773 -0.00988625335356459 1.497961562496524 -0.02121680548576281
19.919839679358716 0.49848458884667185 -0.009914124218564043 1.497139580467562 -0.019727469332822656
19.95991983967936 0.4980834924678653 -0.010118800308647364 1.4963855000365456 -0.01784244322215512
20.0 0.4976730268958012 -0.010355209653207405 1.4957133713459771 -0.0156550714579235
